5000,
2978807
3379490
6680010
10557782
11246303
8081864
5633698
11700903
1713364
9722693
11231798
627090
2134589
10144288
333311
11258268
5709374
6558952
3198969
9666661
11562548
6704578
3534672
2658740
12029973
10806705
10629062
9192014
6076605
2610670
45902
5295985
10553033
10314258
2493342
6335354
6368940
10445699
4122545
10080981
6613524
6870526
7184557
6469407
11943583
7329035
4680473
1582519
6027258
678388
4694648
9105155
1700350
9226544
7305895
5327540
11420960
7269664
2101345
5376571
5796455
807375
2388581
11551312
2655015
443749
9595437
2250724
7715128
10365196
11700180
9084245
2329963
11834769
2037228
3438999
1899583
5322062
11866332
4458115
2428678
11050087
4304179
1988840
4912939
4271118
1640377
7472433
1294292
2242835
92880
4932354
4216533
3353660
770889
2916640
8313182
5678036
8759878
11637929
10489167
7265439
8322948
9700639
7859290
2416118
10087707
2337390
8137787
7949947
2167831
3416243
11103102
6992405
11136127
7639750
1326649
9884163
9448270
9368836
5327073
5701940
5929174
6343273
9888853
10733304
8118029
1288925
9229164
6058317
9444181
2955137
5955084
4016916
5307555
449136
2739364
2061266
2072054
8739737
1054871
12030754
10543576
11934611
12033287
10281125
10227532
10955688
8296781
4224912
5360054
323978
8643626
723683
8702326
830545
11176977
4983371
3816981
2354471
2089784
6566583
3257682
7583449
2571102
3222139
4301890
4663602
4356447
6334253
6449200
10039206
8537717
7414016
50858
1622396
2400110
2143155
6775212
6844439
1868674
11251082
7643213
6032916
11303304
1274421
1851309
11953184
6589766
1211467
2049047
10837482
2327365
7927412
1471063
11645889
4564929
5661057
9586380
4909111
9060216
6409891
2092719
4469834
8131562
4936712
1931822
4267146
2829018
8335416
9475328
10604997
846934
4584514
7936527
9633819
5328701
10923047
10623465
5764812
3139865
3530570
2026626
6787196
7413016
5810792
2340259
3466894
11141667
4502879
5726387
1646772
10334468
1475443
2457979
5173870
6967142
3068352
5342936
5944456
1319963
4042956
1512911
11067536
10870076
11182004
2373357
9251770
4460994
3853855
1399383
10949831
6516070
5399836
1348928
7862792
6392491
1840188
4134157
3827140
11995208
655416
10864647
12090181
2569966
3655210
2769912
4979263
1906144
4005342
7082492
459693
366724
2054056
6665548
12064850
4510305
5127630
6232601
42184
4642244
10459447
9406351
7656925
8851131
447411
2105865
8419713
475840
9102944
7437851
2337392
6776323
3478289
9747188
9920663
1674059
4674350
12056487
8000798
4427764
6403131
9139261
9356720
8281263
5112516
5152028
7349504
1380781
2483501
431983
3445177
6967448
10153375
2501949
6218359
11303361
10679289
3210422
10052735
9267368
8099881
10970387
6813312
3989756
8061927
7095896
6283473
6791653
4434312
7511575
7887510
12111184
2771029
2909941
6035314
8343957
5230464
3592929
4639964
5872784
5932403
11168356
9304829
3622507
5977299
9152989
2062694
8346628
5819846
3501112
7886031
7754328
3272735
5348697
11753412
6404279
5874921
1260889
3766669
9999474
2782329
10432722
2618799
1799777
11578277
7560279
7440768
3785404
2329963
7009289
5665163
3368274
7321902
6633674
2800345
7433539
6912527
2101805
6444614
1502196
9927741
4771382
2898413
146130
7941205
5918093
8745199
8050056
5132827
9988263
6145612
3859499
631667
6009671
7231709
5898620
3115749
6825462
7003129
9334742
1884809
6386064
1502324
7370238
6495282
4179392
98129
3052872
3696740
5541987
12064051
3212980
7219851
3619409
1689766
4534698
8910713
5983255
11466095
403799
12082146
3277830
8750067
5057548
8006856
6483044
1733442
1858168
8039149
3751247
164840
11481982
9775510
9448270
2726621
4229552
11015315
443384
9869836
340050
4410367
7838974
2976337
967751
6353501
2176682
3331873
11254111
6210570
10296261
5279953
5151624
12023297
11713387
8930638
4773854
5550788
2807157
7451334
3303687
7724287
1258310
11277656
11079595
7661525
936513
12039065
7246463
8729434
7537420
4040983
4198994
9470620
2177240
11723680
1177599
5125644
9492990
10907159
9338215
8987337
11710318
9900936
1182460
6291203
360888
2205316
857944
10733311
9991138
4942002
10612540
5245802
4450756
2379779
4143422
10110075
1099942
8351992
643895
2512184
6583114
916604
6083204
4770511
7828154
10742064
11073991
6886149
7566735
1610899
2345662
1238113
8266017
7106092
6917650
10916780
5335048
11372466
3579991
9197219
11979654
2008376
11220445
827561
9633819
1876055
2942768
8406313
4668159
2655806
80928
5640638
83602
5355599
1315858
4131617
1568451
1713945
11755166
6974461
7573716
12157593
1066238
9438599
4239345
11549182
2158032
7505629
9712224
270727
7769869
6531081
5874235
5961613
3135659
11736227
6607414
1663147
2462667
5408951
11934625
8693220
5010352
4234108
1711201
9398657
10076408
7603209
780604
7553668
5574937
3107583
9124902
3774336
769309
4623088
8842061
4738621
7896928
9330525
1749375
9167970
9843779
11775339
11459746
10161758
1471842
8619556
3184662
8555741
4675643
6133912
4767931
3217220
11595001
8275565
8602812
7612486
3349051
4685428
12069399
11766628
2215941
2131980
362686
11976189
10168615
4889252
7046104
889479
392792
5669957
7444587
4639964
3115685
5313041
1439435
1559391
3323900
7163579
1149975
4833924
944783
6818369
12057180
11361126
6413880
3676847
1792337
11763646
9911145
8063328
7240755
2341105
9693971
4262264
4151726
7129323
2392907
18245
9835233
6628813
3034160
9434999
5557810
3976928
8678896
8331375
8898401
1344224
3144373
9305529
647312
6744661
11617689
1133889
10752853
611007
1118252
5431059
6682119
3564923
10007487
3671713
10271864
9112629
4071983
8172104
10216170
3449286
5627472
5706591
5723787
7312767
1355722
1577827
5179692
302846
1815638
4852178
2571180
5520809
8166288
1550840
4437332
9124902
7735820
2765225
4559035
3328314
8919489
9660614
4281238
4000724
5501517
7533919
8718680
11772789
9038746
8710413
4203388
6225281
6607803
8657430
9300878
3381005
2028282
554477
8152428
6025247
6274632
9115566
1065375
2593071
4183616
9753009
1886532
6223395
4923447
11840280
4032225
198397
11654762
9276674
5207952
1846553
8922637
327974
6974933
3019259
7074949
1200720
1504807
11566504
4291845
11929664
9575656
9215083
5761597
3443417
3562828
7947874
11882714
6623135
5644130
718049
8710879
5171427
10137293
6900793
11005704
10896768
4220095
2481617
4656714
2548672
10105338
6922628
9341995
3025845
4534040
6435041
1876055
6493107
3583218
6640752
1743041
10323783
9915811
7636562
6598669
3925354
10376169
4986169
1834449
1050640
11942444
399626
3514860
11893747
1255542
9204120
7697103
3025182
9026018
2072594
4284005
8456159
3628632
9429004
2709334
8343359
10950910
622538
11408695
7944900
3468541
4183227
7057670
4012584
11586895
11405209
348866
2187549
3926269
816116
4546719
5837615
6476903
2376490
11861307
1284742
3414630
3127615
2426753
3650745
1838777
2142092
11961942
11124255
9969939
7841913
5674875
740996
11303363
953901
3723676
3754517
4816052
11493028
7363698
810434
93786
8035317
5469639
2628067
2702486
2067064
3688741
5351790
11916427
8821440
5687337
1462350
2687158
58004
5656751
1307228
5215229
3984989
6742678
4977946
2526287
6505065
3487
8227523
9985787
6741996
7170102
1310323
9619328
10423306
5734465
7879022
8562962
6081090
4224912
10049227
3299509
7368374
6778546
4957159
7688808
5211050
5930632
2558669
9739368
1047746
3114738
2773193
10891334
4316438
457061
8497075
121370
10588031
6532916
6500935
10480122
6150138
1416047
9549709
125910
12045557
6674539
9528709
2901487
10914829
9326797
6705860
10021688
11830834
4673020
4642471
3858325
3179945
7104500
1677637
991725
5107786
5887539
2033690
10149602
11060321
3234302
11688615
8889742
5764881
9807801
8339326
9610823
3531775
3667616
5131256
6019563
6483406
10639372
7959252
3336672
8955283
8670201
2636372
11381549
6426109
1544622
5556541
6797247
6642557
586737
3028160
6980180
8277741
9372939
2070953
1626323
6740853
3837509
4579066
10662660
4700850
11459746
2981577
10697593
3080043
10112327
2472163
9961211
10812176
5018611
9538144
9676936
10493348
5761642
4845566
3301736
6461184
4633986
5788820
2375589
23953
10029855
8295402
7516026
3459531
10370024
9143116
10214123
8144123
4494851
9179646
2563597
7157726
5731983
3890816
7087363
1787254
10436580
4804738
2076831
11656285
9961211
977333
10965231
10665666
10694282
1537230
2959184
2022644
2050832
10485066
5621201
644673
11661973
10621321
1523180
10181110
6317699
11304502
180180
7664301
6340127
7942449
7237349
7248811
237128
12115271
5895182
5000621
5434458
9104051
7955685
3583467
6652637
11584508
7911219
3438399
1016136
8117203
6996581
10726025
10154492
10577584
6012435
9031277
3712319
5569876
7539845
8161469
11712932
4754064
11920370
9477681
8797554
2420430
1188139
11765289
1597424
10084913
3848515
6102668
3283590
1981514
11885974
8364147
3650745
7387337
3260906
10846422
9353886
10653685
2618673
6265900
3942640
7694594
5164437
2364447
494283
3631776
8425612
199933
11395394
1499267
2138406
268417
11878515
6303621
671248
9068805
11274726
4844654
11321545
3530172
4849941
8376394
11036243
8389892
420295
9128966
9875439
3815358
6856193
9480907
2230287
9484687
1548048
7027443
9755470
11424160
454232
2275672
5039121
1700883
11685767
9892403
1939228
11471880
4327946
7886194
7887510
6711096
10338535
11792250
9425080
1070138
11677604
1066176
10752677
1862348
8201950
7174415
4054544
8785062
4056235
6773837
7278599
7229353
3975033
6507129
9847972
8733312
3761963
950817
2657454
4477860
1619692
10325784
3610110
3560598
2678215
7918869
6145619
6498310
4555405
4476483
7526430
11686569
6954528
4229810
7301385
5862012
10838435
5010352
6539054
8741256
389788
2011663
5291257
10114019
4502879
4588515
2846287
6521819
8627483
7941205
8218949
2811676
2835422
5095195
4275281
1762608
7915924
3853296
10961496
8480939
1136275
11263099
784766
2181877
6138704
10863140
1192918
1760269
6645269
8309081
8601780
8707029
9935931
7197790
5250494
5149317
9792395
5302432
9323957
4169931
11251843
6903714
7778429
11993131
2157100
12038370
4959286
384629
6963418
7186722
10700459
10746462
11500416
1951047
6287897
11399868
1725871
2751031
3594173
9258007
9416465
12124424
3446466
2442989
7633469
8965169
5119350
8539763
3328927
11526332
7915060
11688262
10980281
9259183
549470
4650380
10267142
6649213
11047319
12104220
3260222
6887478
9768740
3049206
6911876
6656621
6980180
7854220
8075449
7458662
6517399
595405
3567574
7145946
3150151
5405874
5049013
1245556
10939944
6602590
7572891
3038953
8176290
10679289
3370831
2256701
11856517
1679323
5839725
2870055
9106538
11576816
4762190
7790741
10509879
11185178
9148805
1790613
5564041
4165731
869128
9108027
3071480
2677683
602973
11151245
10856954
1125190
9438062
7944900
8112889
649752
4413889
8938887
4192985
11352541
2589073
4788147
6987416
7116840
9882676
4149283
4286083
532510
104620
1160313
9884746
8022281
10271323
6649899
5618680
7712557
6365574
9411014
1221371
4483711
2647482
6373756
1266399
5970821
8926763
5379564
368986
9443570
5572328
3129489
10911513
9973290
10654460
2757058
10009350
586227
9315313
3925354
5465755
6377579
9162482
4131921
10212306
9865020
3044312
5310277
9725893
10462893
11024621
2001003
12078308
2208677
5002701
9315273
839460
6527546
11348978
5025015
4525021
3825184
8579243
5425169
11426876
293162
2045764
6674539
6021573
5528261
10973273
9240103
452291
7686153
5441817
5111424
7787865
1261704
7319465
10518887
10979544
1102103
1929530
7550073
9986871
9500165
11290872
11283482
4508589
3335034
1814894
1776912
499749
2169446
7597944
2845265
11507687
10204076
961577
4312591
450345
8983404
8745647
8062350
11585444
8399247
7363133
1938485
4875605
3655375
7643213
9040518
519205
7138366
6421862
4124514
663453
11998904
6351540
7996360
4229810
4919167
1873273
4151726
1372592
2163629
7015755
228396
4870937
9922599
310433
3729473
10174849
9486565
8973381
1684346
8502003
3141680
403506
300023
7344706
7053530
10183184
10037361
504314
4499133
6394780
6682119
433533
6396582
7468943
11095622
2261864
6306899
11307352
9214379
11191984
2269736
10566673
6937431
5011401
8356627
8469549
2199476
11206339
2630046
9084854
11533389
8400628
8682113
7449441
2667746
12010527
9162133
7959795
2733621
4353422
7648890
9099182
6053298
8488012
6853286
2690573
2533885
11853379
11841650
7832126
2190358
7465788
6649848
9402372
2398525
9539241
3108766
4800665
1999153
5656325
6358210
9637909
10690085
876751
8389892
7782759
6444184
3190544
9181471
5488546
744571
8292926
4420686
10797752
1536885
5591105
89867
6876281
756001
7486725
8570146
5686980
3410359
7451334
8183599
7336494
1495228
2146562
614823
6616260
4510305
10786132
9264103
11431096
5029265
10918426
6215356
7931894
3671713
5174160
10333898
9633819
1322442
7274822
9379903
2954814
4189071
11934657
9953545
8777943
11876862
7275274
3938579
9522622
5861991
701316
12003970
5247627
3552793
8104478
526626
2642200
1806647
132393
5074194
7091062
6148984
6704345
3286273
1344224
11898610
7952453
8411368
470995
7195450
11321963
555747
1201051
6454042
3038686
2359160
1178925
7636207
10532621
11518669
10782163
5669356
2504827
9562548
225898
11211358
6362217
4391286
4425627
3119348
6642560
6264487
11986787
3887355
10927486
5702866
7361309
2597052
11456458
10128452
1983634
9973290
1703587
564788
5022944
2279684
9072362
6893674
2522069
10385200
6451669
2433870
11869319
5743107
11348978
14302
7433572
6237263
10903381
10364071
2031144
2011485
9543320
2790939
10573380
10303592
5289108
4854166
6507631
6311873
9007699
10370271
331782
9167970
7609062
7966248
5922912
10352008
2109924
4347893
9708680
6134966
8008516
1040143
9280964
9943034
1622101
2450083
6174901
8186808
1778699
8480144
6389457
5755527
10555221
10705422
4464828
7546147
130154
3966111
11062609
3395677
2289462
4628293
5519308
6228250
3632085
1781404
9106538
1803757
2497882
3462486
9349782
7921696
7197642
9066883
3909877
10139850
5260009
3221551
2383614
1804920
11957412
11484840
2331993
1463925
487040
10254701
7022023
9818942
9735145
9578813
2194400
4890015
8747459
600120
5780759
3330581
4967156
10911513
3793473
5236611
3531010
4198994
5845933
3823425
6417042
6154564
11593555
10675134
6319427
10806572
3311006
7439874
11107050
6703858
5145530
10877585
5461729
11097133
3543006
11105044
577198
6528926
3277830
1907455
3700369
3750454
2466597
5747706
6979067
7032083
197917
5903832
10226936
10335812
4141214
1662641
9380961
7061517
10828909
3754588
788047
5170366
4389997
1411998
9115105
582124
3811996
7892818
10968836
9827867
3417827
8644460
184223
2895661
5632147
3310813
7923920
2292164
3586057
4515858
7635759
1995972
2360629
9212181
3718579
11838258
8026142
1120338
2390875
2133628
3028003
10752080
7184951
11125566
11512350
1364836
2366437
7165410
7865051
5563166
9580517
564271
488202
1154834
7882700
7871617
6703060
10986705
6545406
8806664
8402974
4838752
4747492
4830262
6592972
3208958
9284042
2379088
6272188
4812376
6952782
6618263
9741808
726851
6527546
10839528
8953080
3827140
4547722
11308990
1591217
9602267
8805857
12108687
9307488
6530360
4610952
8242369
11381894
3028003
6430080
1967144
7411772
12093970
6260983
11775607
9172231
1796165
175920
2333859
7223927
2789425
9487704
5480485
7503233
9285339
7010667
5393823
6865950
9271023
4177677
9526730
301065
6616260
9835805
533172
3093684
10996077
10523244
6962666
2987675
8911341
3802367
7100565
2208626
9374018
12163076
10833325
345383
568827
1192918
17617
1185030
7493968
3644085
8270971
8170499
3424572
9338215
6790107
2934550
11781216
1330166
9931692
129731
11177339
5850551
9551265
2368973
243909
6182260
6197668
10833325
9905912
10889361
11997422
12163160
9157224
1213812
1941919
11039775
9968105
10775628
8525909
136945
9137518
5987213
245907
10789451
7205119
7692286
267582
10761164
6966744
11770538
4565718
2670406
3613368
10020343
8378592
9031746
11768982
9509046
8288107
7611916
97785
10656188
3981185
3024129
7520625
2360636
2495852
11679921
3625247
4911825
10393686
2443775
10583226
633495
2654958
3456085
10817651
293162
1119535
4405167
2824119
4096187
2451565
8847996
6203456
1466408
9962684
1810708
1743041
6643299
2823640
5268617
1035551
3729305
9857587
7851359
5652193
11908031
10016395
6102158
4042816
5306076
9052570
10676403
4593692
8949357
2905435
8817212
10562007
6000895
2881383
220838
9303169
7628851
6948196
1978088
9285339
9665211
9066883
6114754
3602089
5895182
4115238
5374592
2737539
9609014
6935877
5033440
6240220
7981929
2388581
8738078
10657023
4387343
211718
10964696
10833222
7605479
7304771
4588840
3298701
10100274
10874448
5125644
6618263
11801057
2877769
4832258
6816160
2770729
2926444
11349634
11333602
8937779
3757894
7208008
7628217
10245804
10309404
11172363
11096247
10259193
7616499
3028003
12128283
9089142
2527337
8091289
8420129
5687943
10322047
8370030
3996116
8911212
8361551
395403
3299509
2246882
5389882
1858920
1870664
2794067
5019797
12138957
7749775
8647427
2872873
8396620
8318440
5890381
157840
9213517
9546651
4308031
7215027
6002201
11047819
4067087
4943078
621755
6091413
225033
7939678
4324565
3481661
7593645
2550959
11829289
834579
6559235
11409756
7064666
3944573
2593071
11716333
8951130
3317079
9363893
10760946
3454553
4706385
11667695
10783355
8901092
4322981
859274
5902895
464426
11236407
1889759
4620278
2653043
12139785
2253348
12060863
4538658
11107050
7476549
7241662
8760614
8765098
281018
6043581
6487881
1532197
3557703
10421281
878698
4240849
127882
772624
11095275
5925978
1898049
1755748
4568916
8863724
9571277
10961496
4877831
2916640
8557475
8755233
4166267
2838715
1766878
9865491
1446594
5857489
8011215
1241717
4090996
4444641
7817509
7157726
8979312
10737148
6890158
4522261
2199476
9621437
8475553
941180
2183027
7890117
7902480
8985247
11157700
380145
8660518
7078918
6931484
11404569
12040383
8164961
5896652
5160348
6196892
11579258
4319321
9555062
5164437
8063328
2554618
6041115
9429966
8258175
9216481
7165373
4880885
5151523
10401354
3028003
2294913
9839243
1557098
9533844
6516546
4643753
1303060
5485974
6662861
6134427
3860532
4867424
6753551
8510387
2689429
3975033
10296261
7071966
8914879
6672316
3390915
6129960
5587212
4944637
5776324
882984
1756317
4508589
10200921
6313484
1893559
4519483
1303060
8219397
1729907
8536529
8193099
5864936
5183247
8597843
8572306
1502324
7423941
7843480
8543880
12097729
8935945
4316438
1296504
11029369
11950467
4582616
6730092
6238797
9855906
8809976
11633178
9011564
2476336
4527133
3357172
7520625
9038812
8590938
6159478
5191477
1526050
5091651
9535694
1987927
2018589
1600465
520595
7652966
8632333
5445131
9305529
7532367
9254286
11483626
11367481
7315113
6913874
8750491
7042604
5790262
3025978
257031
5799187
230825
10719725
2550959
10986705
2407881
11390864
6486939
9978489
7378070
4804738
4295259
7802602
3791873
1266399
10849789
7355832
8269206
11159922
3473696
908973
5275826
5355929
7844824
6096947
7152395
1772296
4635357
9453126
10991843
2693720
4156935
5250811
11043832
8247107
9992311
1903134
9935375
5697260
465120
2779210
8871018
9692222
6565785
215429
8071687
9283512
1686274
11416583
5399836
878193
9285066
8636284
4391928
9220527
6758718
11310133
2432702
228020
10057689
161073
4900658
2008376
9531415
2952761
2589073
7068285
3788714
6798812
37283
7286034
4750192
3049206
1397231
6029121
2077145
8391597
2125998
2437383
6502693
7645885
5605096
6117009
6035468
5454223
11529932
10240593
8965169
385841
215548
11872089
10710109
2690573
1081362
6243990
3712659
8868127
9625470
5422630
367757
8511251
3830190
1457744
380433
6926085
5443372
445948
3820857
7875751
6365574
11310413
3469530
483666
6791255
2384863
7250253
2854754
11281996
9057026
8245349
3420194
3088361
7179944
4669206
1880073
763432
2183496
2687158
928998
7256962
11759110
2232336
9517882
10128452
1570928
9923846
167861
956832
8781513
5428372
1784213
7762184
4472705
5808053
4106564
9770598
8210558
10092052
6179575
11738746
9713896
5127386
2648139
8304848
86943
11286407
11450101
7234407
9584109
4429884
3805968
2006077
10048364
1702122
798694
3317360
4886584
4859083
2718089
4234108
7007281
6821797
9855906
7585082
5263101
3655210
2611100
6349030
5143030
5930632
11487520
8464297
8518134
610241
1974788
4226556
7656699
6850004
5315934
3656916
11720947
2798392
115654
6698811
9245860
5411269
6279159
1054871
5643886
1672709
9923314
4370980
6016006
7329030
2205030
2755318
11729463
8496397
8087910
9321258
10105553
8591224
8654696
995078
8430572
11305257
9770402
4116677
792384
11362900
2745909
6140050
1752186
4731760
10528219
10262604
10033570
4487281
2455020
1534014
11577474
8728466
553421
1217107
4095737
3522529
7593347
10616325
11973978
1427350
2241023
8611999
11332161
7384360
589222
2957247
2184858
2677683
8252801
6381676
916604
5788588
8800369
3961597
966369
335140
8098171
11498321
468223
5593507
1314751
7598829
1466408
10252124
3402946
4736173
7390907
942627
62413
7373356
2386966
6473998
6407826
9376298
7555766
7398461
9124902
3294986
7677848
111260
1885876
8998249
6942722
12060863
4438173
3283590
8005021
9801044
3606341
3157746
5347894
10911513
1636768
5893306
5203949
6377579
11587938
887829
1660062
6851304
797086
4369794
9248393
9647122
11012060
8146205
5111424
11685767
4568425
1587666
1224369
172674
4883647
10569906
3994701
10261546
6519649
4451162
8371422
11622526
2704444
10937475
667111
2878353
3870814
10292291
5843792
8142388
9770598
5544045
2922794
4487984
4101866
2894894
7701467
2307284
9224881
7489262
1699705
8473217
1457728
10024969
2777833
9730472
248083
9596737
11119320
10334922
8503888
32286
6873674
5197779
8798648
6660062
4995713
1248410
6969976
459693
9781878
4211684
2972678
10307528
5656325
8300635
7583449
536060
3922774
1981514
4777800
6268173
6682818
2537161
6683313
11843965
7175415
8016809
5771707
6176650
5658084
1025063
11345847
9094082
1451319
12091986
3077850
11290379
5403765
5452010
4061011
9670010
11000517
2083743
2808176
2966856
7523266
5827484
11488228
7739973
5539727
4427764
7571606
9771217
8382205
7018296
9981517
5635033
287207
4655898
9937296
11310541
5524509
1259891
710855
9684685
3122270
1896870
10968688
1936428
8913678
10130795
7298
1946588
4650970
8622203
3360797
7401080
7625300
5769047
3952313
9023435
1683242
2375790
3113162
3203874
355291
11337833
3526216
277091
3516384
5996615
4594351
7394744
11864436
10723325
3839034
5665315
11284392
5749530
821839
7418274
10099578
991300
11786127
2149315
8855980
64088
1864444
6845030
8774358
8650726
636777
11039775
1360165
2822845
3319371
10049227
8910595
11941192
2893321
380327
11203710
10024969
7668676
1575493
1111238
3429455
8548258
7394035
11323161
2827304
11522672
1040273
9606734
10334665
4870662
3539830
2152756
3224476
5948160
1582703
6215356
5700865
6578100
8228984
7712500
415349
8109446
10007094
5069571
10454677
12155202
4629531
4935504
4682857
1738623
6220171
8262663
3288602
6106682
4259005
8713692
3985652
3068352
6479846
3311094
7345999
5920
3082998
6436484
1368529
3252598
8831277
10758111
4055132
9457302
7652161
10986313
6534355
2350192
7000400
4613659
7308779
10498051
3859693
11189010
8357111
6958225
8132931
11034339
11363886
10244615
3884311
2318245
263286
8683460
5370616
5243700
6820213
4689902
272411
8391597
4638673
5178893
7792992
351922
7917061
2232336
4939293
2404750
2865238
2577324
9371858
3145848
2934550
10808082
7202695
8675907
3683323
10500153
6168384
4472517
12002426
5761597
6877941
7104166
8092892
3003581
8506689
7365326
5029111
4542840
2608660
540106
7819971
5496878
5625596
6803708
9030347
3603341
17494
5360054
6117009
9548747
2866808
10435130
2544032
11334455
4652194
7426327
5908504
3991328
9610823
6890783
1145000
5630690
8200381
5823441
8190027
5712611
6831789
2906371
8400058
9197219
9508112
12017580
11927332
3951706
10469981
6508715
2513210
3684829
4047353
519205
10222415
2542975
4382412
2768276
696993
2690207
10397151
3336447
1913659
100680
1666226
706930
9777449
6549542
10348441
121864
6896025
9802699
6739155
6792591
861834
6593483
5559656
2714245
5568903
7623316
3474403
10823541
2866808
7052496
6093656
7234407
9811884
8127808
4161476
6830070
1129245
2868551
942358
9413269
8240324
10542654
7848347
11813197
3015841
7272892
843662
6749297
10879414
2683070
6957208
10452484
4062955
7987538
10803551
12023297
10248988
467768
9600223
2729350
3902662
649868
11827891
3692051
1699705
4362586
4537695
4452528
207963
4089802
2654958
6643285
10595395
9002526
5077503
1829441
1974788
6899103
1841619
5869101
11207770
5557826
10965882
3732958
10342348
9061843
8814089
3615559
11155503
8648235
2944943
1002887
11261752
11462183
5851814
6452321
7013563
4401307
6688207
9787417
485769
3160183
5338428
6941225
1274180
8102010
2784371
10513615
10980321
924537
4719363
4766143
4440179
6982969
10636981
5930960
4855753
8609886
4791218
2195635
3260906
6927556
1364859
5896856
1097893
6161607
11053874
12146051
3805135
11746591
9466509
5551570
5051166
2803964
3863650
78701
6926040
1074702
8919147
3507314
10069959
7212352
5319631
5743319
2776088
10936795
517461
4949328
4524404
2267596
2169446
6707916
5366923
1991537
3874977
12116451
1679537
8680832
11642498
8875411
6917468
9183842
1322442
856559
6840404
1273515
3407876
1407522
10988455
4346623
9808472
6032028
1420976
9844288
2467587
5614613
3072893
10821253
7455170
1867415
9619626
7682275
7308440
2359969
4648527
2238004
1322442
7105982
6750006
10327132
8256694
11540098
4895889
4281238
716848
9023435
1856132
8531361
9236192
3622507
7814013
2370064
8900955
1605410
10844496
2762762
9342893
10866550
241855
7854594
8247342
3778702
10380497
11092826
8938434
4018135
10673971
4777216
4482594
6516098
2223612
9164003
7579582
2413433
4814602
4825230
5146000
8235779
857511
2721700
5491165
7591718
10345152
6074404
6246641
9926912
1532197
2631736
1355722
5720203
8894618
11805861
12021379
7829756
7559937
2633898
4769913
8638523
10592294
2217599
1508604
3470810
1140449
383459
5220287
1239332
8567512
4970403
6762446
9793661
11321544
10355201
1490525
10012254
11168356
11602009
9195155
12062339
12116
2506822
9396918
8847996
1605814
8793422
9688354
2596733
11558987
1257036
5264436
11692525
2819017
3979864
5763565
5395652
6429326
5973931
10358628
8840571
10266592
5973931
8030872
7728453
1009441
1338644
6120686
513415
6053895
5754415
4290278
5062880
5939225
9236973
156486
3736901
1343465
2547913
143577
10317452
7868200
2420758
7551865
11370772
5678300
12020689
5851814
3634491
7125921
1845059
5137166
11479444
11007316
9200941
2218724
3153935
3031523
3722998
5053896
1524380
9306757
3672800
11222702
1427066
5137672
6912527
9718620
5239620
9066205
8991556
9963820
6766152
1092386
11787722
798888
9919140
6899348
8889887
151907
1110105
9992311
11709310
11822892
11449843
4186353
1972329
2822845
286299
9922599
392907
3460792
1012981
3438399
2303693
5505744
6369362
9376298
1442203
408383
5016969
8522395
3607296
69036
7695766
11793352
7430290
9642719
11222702
1672709
6163906
5674193
5188075
348513
9492407
1942859
6901739
6005635
4924458
5438274
8957167
9119962
12080586
4481300
1692075
2639616
9816607
1918603
4016916
7162238
8195422
9832777
4843245
3686793
9453962
10267142
6581031
11694652
890771
4250776
369770
3097722
1489128
4707132
802798
11609333
7807577
9020867
991300
8056394
2301875
6870526
1154055
7893329
11684742
4600898
3436073
9366259
4206874
8608042
10411705
11242526
9098999
9195155
8928848
3374134
10378971
10885963
9289977
936513
10496396
6906749
1435143
3228384
793114
9241828
1334841
10004296
10229915
3550295
125910
10703278
5473177
7686153
11288016
11542579
10207956
5745411
8205019
8572410
108341
6849783
6999075
8985557
6626171
6351540
9068394
11315171
11075138
5411515
7600427
4036562
984601
3250556
9019632
3598252
7412506
11970221
1643593
1592908
9290267
9207238
10285566
6523728
5799498
8007282
3261737
5642274
6025245
1652508
5609800
2514242
6058317
2243017
10536783
28182
11446380
10987694
8755603
5683376
3796568
5164437
8450176
8925993
10685755
6611626
2972678
8488733
3071809
301106
11039677
5977810
856018
5601298
802328
1196063
6947141
8368560
4373010
8757302
10819883
513415
53553
7175001
1976981
6857830
6330524
2912997
12122098
8430658
4659762
7229282
3663727
9315156
6634522
1702929
1424981
1167967
5935478
7686165
3740908
8439717
4743486
2371580
9641461
8731498
11475822
6808712
9764157
6480420
10942335
10896324
3103788
8452866
11434584
8223485
813922
2252415
6542153
3186349
6665548
5151289
3237964
6478395
4828858
8945648
1377200
10758111
9235338
3222863
3205806
9591775
7481921
5692373
5043873
412495
1769939
2082942
4797626
6972206
9503107
4960364
7719787
2568369
2283639
4418559
2098290
8889374
6000895
5391013
9432314
31153
8558679
9456043
974412
10576348
5749530
9235338
11226943
966751
2929991
1020903
9176773
10430206
10844681
6341043
591359
1614859
10808995
8723425
7542431
2737539
3848515
5678078
241328
8227523
4028548
6190880
5796576
3393781
2388516
7363324
1824631
9254842
9061843
8065577
528771
6257626
5601298
3867851
6704233
2067300
7276758
2425656
1025213
5484072
10110179
8317298
8430572
4573347
7991685
5637551
11659877
4369462
9364963
11728615
12034511
3967223
10898919
10467231
7401220
3245729
11889245
2526287
11097388
7147573
3065792
9787930
10927223
235239
80928
2801904
11836009
3584923
6398986
5496878
5510637
3007834
1973808
951762
1994998
9897128
4354696
7761940
7708649
10593481
3486267
9503107
5014830
8531389
2530143
11824333
2440103
12061680
11251082
2188935
9927195
12073827
9062644
5701940
9760943
11857097
3674140
309409
4512464
1333382
6124209
10515702
9238396
2885130
479613
1058401
757294
1115975
8939732
600120
4723181
4467748
11341146
5799493
960376
6163288
7534981
1631851
2850123
4757216
2001462
7896965
9004942
3891660
10539322
11949232
11022042
734438
8190005
8053810
6100295
8120677
11338884
7300479
1320196
6555009
8531923
1253184
10580115
5594922
9652001
1432235
9723406
2873292
2157520
8822729
11872089
4245521
10958192
7404027
3223846
11095275
2202493
11732832
3756387
9189957
1591471
9421451
722708
7500490
4448354
3275822
10792556
4491839
10218760
2320609
7968479
12037672
11955329
6921446
4319551
1942859
6377579
6861981
9317822
5571795
4842921
10436580
522984
10389315
93786
1722607
10402221
11299348
8885163
1182460
3363975
9725893
12094306
11071011
10132500
9077257
10226936
1820126
3386434
672210
12147779
9519559
7778260
9339277
1207263
4808749
819049
2744268
10327558
10768620
12025969
1174382
4904379
10168615
8178061
2585019
5215229
5761597
9715479
9743340
9317822
2779210
320327
3575537
1787290
6678557
5785162
2833421
2202493
380145
4702486
6573147
3885091
11721895
11440357
7186506
6717512
2770884
11448819
10439253
1530151
8465781
10572898
8343359
11085706
4412313
2102798
760480
5166880
2218442
3791416
6761535
2060060
8710557
6498653
10535672
6075866
3065126
2694117
300513
7040166
4127988
1094088
1669517
9927195
7498609
8627050
2225786
3714811
2930999
2192994
8208211
904055
3801238
1615625
9298369
7906564
5313041
5163247
2698906
3797829
10608259
8399351
11657320
4300731
1964375
1514938
3089946
8382843
9880041
9949934
4953878
554477
11765314
691283
1045265
3534962
1710076
10490605
7696788
8700681
5478822
9942115
3880023
9994694
306189
4157811
3268236
10994935
3461469
5912799
11368648
11004772
1555313
7448182
5124043
3834438
6825371
1643123
1090060
3643488
1734663
2743154
3344464
1920499
8955484
1199525
5951035
986631
2575427
322620
9786876
4884980
10548289
161702
10272035
3686247
484468
5883175
290519
5082486
9357718
10661290
5821491
1243628
9293954
9634320
8149655
702222
2076831
11876765
9371515
8632871
10772152
5940218
5381519
379272
7289579
9978672
5862012
3128092
2601743
9666871
225556
11216903
7113803
8963544
10646577
9186034
11659952
9974864
8329736
259070
2621243
4616107
9370564
2238004
3745585
6474877
5873789
8228933
3424884
5475019
2273864
10484797
11648089
2232643
10172402
2114275
8434100
2815077
8552682
6192176
4331429
10448862
5956224
8128225
9346852
1988840
5369314
10945436
6454042
5061852
2161185
10575097
8894002
9081347
9965034
3398883
11212877
10539691
5164183
9273736
7572372
8421492
10633002
11876862
3520308
3904006
2844726
6273887
7714983
10753729
5067352
1470901
1470628
11848965
374462
8576932
12068854
2615211
7703970
8299585
10138928
1298231
7023277
9364214
5362571
4079488
2513204
11150837
10859753
1610366
9816585
5326960
11262592
3431224
921107
11141986
8967652
2650356
2939386
3166566
10188007
5730200
1562202
918581
7472918
8671669
2303693
2061266
3460808
2119167
11813264
1411998
3257545
11111549
3331642
2953016
4349148
6252973
5075465
3450861
164025
8249882
11020504
4992634
151040
3255437
11965357
6219094
4042956
2099711
3167204
3261423
10438802
4391293
1966310
9758612
9873684
193081
3820304
9491048
4927021
5488546
10197573
683110
10272035
7870693
7614312
10428289
4842119
11631378
5582864
10718194
9844288
208505
10048914
7773544
10296170
3359877
9758735
874858
2347928
1205965
11402867
767240
2873453
7943557
4321000
6031327
1956747
913550
9430956
6731165
6324255
9988263
11114679
3845017
8087910
10984883
11483481
11671268
3418657
5308067
8349914
11410696
10643830
1953475
2788626
1924699
7645928
6250974
5222552
936513
11433372
1582619
2177240
11710318
8697570
4700466
7131496
7618969
11454421
10827995
4310011
6883794
3559064
2149315
1074349
8994003
11176037
2308579
5295965
9933802
5690833
11177804
10615460
8833529
8014933
2815917
359571
1484342
11946448
7043212
11243460
5035197
9707729
12049367
7512085
5479702
10068602
730988
282585
10198389
9855906
4194091
7538388
11139964
5533067
3958884
7519845
5355097
6218261
6523499
3558683
11960251
7118643
10543134
11196043
5200937
11191904
11199760
3174844
10469981
8406747
4341905
10244594
8643626
11318162
1085172
9392944
185507
2517305
11613442
1017388
11709578
6755028
3623359
1627915
8606874
7082773
4411265
6200622
10670289
6205857
7507436
3704296
1162660
6720209
3658840
9768301
3341003
8583357
3791785
9957905
1298910
11665305
6099714
2486062
9313125
4626609
448455
10766580
5661057
475840
1062456
5145267
4618499
1796437
11107181
11240448
919589
4609073
5002701
5012932
4731155
12069399
6808674
8880719
2135594
11799681
5987308
4006668
2323767
12040662
10883121
8687076
7439874
1232334
2497055
4423056
10012590
2963039
8044232
9748523
5062198
5350026
7156718
11923237
407128
4626694
995268
9980510
11724415
3214446
12160885
1700350
11333029
863870
3266560
4021152
189240
3705712
11627058
4024805
10101795
10177432
10442579
4255134
10602240
7372025
6935031
3648720
6036395
10406183
2412553
374462
2704823
11011503
5297643
11572562
1268863
3510324
10679393
10408375
5286529
3196952
139537
7971782
11868574
3324804
11246303
7461419
9389545
7326185
5578293
7764917
8062350
8476226
9388205
11266381
10158851
441950
6670045
688015
9061843
5537436
7135675
8769615
3395031
6771027
2556796
1609380
9103108
1145000
2407251
972121
4726592
1088448
3572198
4531777
1604273
9031288
1660456
1078104
108503
4010384
9596887
11029369
1908661
8803990
148553
652521
6327732
8705700
9853682
9825184
3160580
3836924
11604347
11602009
9235555
4954719
254952
1414873
9131461
297636
10233655
2525550
2213490
6070170
2580634
1163582
1603084
5316568
8035317
2145200
4974055
8443769
939999
6911982
5418277
8416360
8724777
2470205
1564990
8977868
4532595
6290426
9792197
2840623
1752204
378791
1683242
504929
9696483
8076235
2478509
11584978
4503535
5183230
2343728
1540677
7743588
241855
8359759
7310187
11570770
10307613
5331835
10480122
746445
7393009
1747216
2078327
5273341
1696887
10195866
10025851
6302335
4848802
9679939
4854975
3210869
4598509
9385903
6085642
2926960
11538177
3826435
5282720
7733272
5647375
4964722
6087360
8735482
11496573
8934719
914064
2532610
1178488
7719787
4382534
5201895
12149999
590411
999464
1690161
8525126
4098709
5660700
9048454
10074825
2285550
11514225
10299953
10117627
7329035
614169
3457380
6158182
9511233
9147182
11590418
7403862
572893
8022281
11652893
2555958
3853296
9392885
12028782
1281319
7942565
9703918
11897427
7397749
11184029
7283237
4296705
4117209
6544685
8359759
7237947
737249
2623670
10637444
8293672
4593882
9980763
2491495
6134427
3224476
4714912
10741652
2124361
12135724
2663530
7496017
8043466
2066516
5365182
441108
9981805
3237595
2508393
8394311
8420129
3131613
8370643
5964257
218942
9591162
7901733
3896219
7222402
4829394
9278351
9566498
2491113
3598108
11501924
10765027
265917
8972632
3154855
6881603
8590275
3690444
5330174
10192657
753369
5267498
7695975
5896652
7100565
2539815
3721692
6297718
9084854
9741570
5833924
605567
6248694
4442262
7587119
8160764
3093684
3437300
7257048
11026786
247033
5830259
4455845
4881265
951762
7380802
4931541
100408
2890298
10917103
5740100
8795630
5759826
1796437
6568865
7087119
2706700
9296931
1328617
4629531
10044020
10974947
12119277
7339725
7310187
9673975
6855891
10184576
5360054
3905789
8911658
10287375
1442203
659070
947764
9811610
8256331
6193098
3815118
2709119
3164669
1518456
5100096
11378545
9595437
9718620
7191241
10594943
1854099
11832529
3505143
3373112
4110877
11090225
2049773
2858795
10352008
7747831
8878510
898818
6607803
7798184
559713
12077519
9792772
2653147
243839
4173169
11544570
12152509
10663479
776224
7092755
1080002
4034925
3167742
8859533
3813575
10849063
2093957
3970121
10777562
2004245
3565544
2170069
177687
9865370
5697260
11640496
9910243
4857901
7294294
3312999
5052010
3122765
2786544
8017500
4561729
12086425
11675031
6966744
11131501
9308593
4471307
4892182
8323977
3638529
10476871
4161586
497131
11127596
4081465
2531945
2846227
6193347
4086323
11856517
10991690
1948061
869899
10453825
8264459
7603014
11213067
10666626
2448289
216414
21833
9655902
6734174
1532197
14936
8060692
6899103
3917968
7769386
10932045
2296204
5428799
6074176
8215129
3770036
4353422
954168
8435847
5193187
4234613
3282660
7478113
1298814
9815463
655416
12069399
5116417
55143
2748491
9949934
11991649
3062591
4364747
3727224
2381805
7673076
7576739
4552362
5226836
901127
3931403
8095628
3545453
5598107
2196973
11558987
1833392
6416197
7765630
11982560
9822262
6587308
1279098
4337207
8109387
7333733
8445900
6473028
5759826
6645269
11797008
10221270
438446
6366011
11555791
845198
6126324
2259192
2952471
5348697
11102313
6538218
11386602
9724691
5086701
3588218
9946411
6068111
2086546
9581462
10372384
9693948
944783
9148805
203720
544921
10087164
6254084
6554146
9495717
1026563
5385747
11903594
6634591
448933
617037
887829
8667461
4517702
1660062
6712937
3338885
11946643
7050532
9359751
6691765
5082486
11506482
10360544
10749221
8181997
859274
723218
6344980
10598720
4555799
11971257
5216885
509826
8845795
3492428
2221699
2197301
8835982
3137548
116659
1649385
8878226
7983782
2707914
9313294
4862579
7714983
1629287
1073193
9248353
7109297
5743459
2968763
6694839
8098954
2038029
7297681
5090587
9494743
3067147
5255344
6491383
665047
6478730
8083309
5873766
7886236
4048801
250380
8325061
8458172
5457744
7141008
6834117
9850241
1455159
5358340
4250010
8614490
2394140
6189308
1276276
1388021
427879
750989
10475803
7668635
7561955
7035918
5957228
3051910
2124361
2277242
6062634
868976
10557782
6513661
9261050
11630969
7529519
2128105
11599724
5542574
5589114
9614821
10096522
4820975
10505728
11271107
6430080
7262710
1967640
11276230
8022662
12073258
10276532
3170440
5103402
2223361
1233549
7874503
1000271
3395187
1842559
677165
1836829
8048946
2996986
344109
4504179
1841619
10673798
10393686
10148521
3386550
3102189
5692849
73972
9851959
7254918
8689150
5528261
10662660
9137644
11668167
123135
10919716
6464607
904055
6067837
3450938
773636
8069138
8826710
7719596
9758735
4024510
7593347
3291683
3338386
7821112
10946800
4813882
10060420
7743637
11211358
2985433
3534962
2605554
8080480
1313802
5685622
62550
4571193
4075935
11687967
314784
10480122
12142787
8640816
10327132
11815052
9763373
10416463
8005703
9877315
6516070
1158033
8968243
1718775
10957405
10333074
3012303
10474355
7362687
9036593
5359757
1889133
3039244
5006449
9978672
2235624
1739258
9313714
10865668
5496096
10539322
4710315
5913381
4575586
8404312
11394525
3956461
6563825
8062156
9513630
1031047
3450798
3879535
4988506
4698264
1455090
3535648
10183910
9133597
4324205
10866102
10814729
4175762
2190161
4098970
217163
9434886
5423664
423597
8851030
499318
1537369
5055523
7795978
3914162
3947062
2759849
2041694
992697
4530523
5047717
194104
1657503
2058684
11743459
11441957
11081810
9169557
7518979
10226770
9396864
10713852
3338512
9961712
3083403
1690331
9102375
4424114
3308671
6145612
12006088
661075
933252
2674277
11437043
489693
9339277
1786121
10124570
6594523
4759702
8182956
5878590
11818962
3772244
3624738
8825739
7702825
5599623
5855332
11327696
8955286
8616683
750640
3377458
5001992
9672800
10681078
2862797
7123140
1111153
4378529
4376172
3242075
5793114
1457728
5815071
8905799
3185482
716829
1207146
2898999
4781366
2013973
3386434
11349634
6085337
10237429
6171358
5546018
2320330
7593347
8611739
10064771
1005652
8385935
9016176
3842375
9627618
2805877
8895701
11263623
5388170
10744900
582070
8355363
11808999
2479856
4076234
6910618
11433008
1428097
11295268
1470844
12014983
2763590
6725140
10728684
5449700
4145752
5649451
6395644
11139964
8831277
5981344
1169758
1899106
11936810
6048117
4639964
10329304
6813312
4225222
3790436
7811869
11332910
11137909
