5000,
3487
5920
7298
12116
14302
14936
17494
17617
18245
21833
23953
28182
31153
32286
37283
42184
45902
50858
53553
55143
58004
62413
62550
64088
69036
73972
78701
80928
80928
83602
86943
89867
92880
93786
93786
97785
98129
100408
100680
104620
108341
108503
111260
115654
116659
121370
121864
123135
125910
125910
127882
129731
130154
132393
136945
139537
143577
146130
148553
151040
151907
156486
157840
161073
161702
164025
164840
167861
172674
175920
177687
180180
184223
185507
189240
193081
194104
197917
198397
199933
203720
207963
208505
211718
215429
215548
216414
217163
218942
220838
225033
225556
225898
228020
228396
230825
235239
237128
241328
241855
241855
243839
243909
245907
247033
248083
250380
254952
257031
259070
263286
265917
267582
268417
270727
272411
277091
281018
282585
286299
287207
290519
293162
293162
297636
300023
300513
301065
301106
302846
306189
309409
310433
314784
320327
322620
323978
327974
331782
333311
335140
340050
344109
345383
348513
348866
351922
355291
359571
360888
362686
366724
367757
368986
369770
374462
374462
378791
379272
380145
380145
380327
380433
383459
384629
385841
389788
392792
392907
395403
399626
403506
403799
407128
408383
412495
415349
420295
423597
427879
431983
433533
438446
441108
441950
443384
443749
445948
447411
448455
448933
449136
450345
452291
454232
457061
459693
459693
464426
465120
467768
468223
470995
475840
475840
479613
483666
484468
485769
487040
488202
489693
494283
497131
499318
499749
504314
504929
509826
513415
513415
517461
519205
519205
520595
522984
526626
528771
532510
533172
536060
540106
544921
549470
553421
554477
554477
555747
559713
564271
564788
568827
572893
577198
582070
582124
586227
586737
589222
590411
591359
595405
600120
600120
602973
605567
610241
611007
614169
614823
617037
621755
622538
627090
631667
633495
636777
643895
644673
647312
649752
649868
652521
655416
655416
659070
661075
663453
665047
667111
671248
672210
677165
678388
683110
688015
691283
696993
701316
702222
706930
710855
716829
716848
718049
722708
723218
723683
726851
730988
734438
737249
740996
744571
746445
750640
750989
753369
756001
757294
760480
763432
767240
769309
770889
772624
773636
776224
780604
784766
788047
792384
793114
797086
798694
798888
802328
802798
807375
810434
813922
816116
819049
821839
827561
830545
834579
839460
843662
845198
846934
856018
856559
857511
857944
859274
859274
861834
863870
868976
869128
869899
874858
876751
878193
878698
882984
887829
887829
889479
890771
898818
901127
904055
904055
908973
913550
914064
916604
916604
918581
919589
921107
924537
928998
933252
936513
936513
936513
939999
941180
942358
942627
944783
944783
947764
950817
951762
951762
953901
954168
956832
960376
961577
966369
966751
967751
972121
974412
977333
984601
986631
991300
991300
991725
992697
995078
995268
999464
1000271
1002887
1005652
1009441
1012981
1016136
1017388
1020903
1025063
1025213
1026563
1031047
1035551
1040143
1040273
1045265
1047746
1050640
1054871
1054871
1058401
1062456
1065375
1066176
1066238
1070138
1073193
1074349
1074702
1078104
1080002
1081362
1085172
1088448
1090060
1092386
1094088
1097893
1099942
1102103
1110105
1111153
1111238
1115975
1118252
1119535
1120338
1125190
1129245
1133889
1136275
1140449
1145000
1145000
1149975
1154055
1154834
1158033
1160313
1162660
1163582
1167967
1169758
1174382
1177599
1178488
1178925
1182460
1182460
1185030
1188139
1192918
1192918
1196063
1199525
1200720
1201051
1205965
1207146
1207263
1211467
1213812
1217107
1221371
1224369
1232334
1233549
1238113
1239332
1241717
1243628
1245556
1248410
1253184
1255542
1257036
1258310
1259891
1260889
1261704
1266399
1266399
1268863
1273515
1274180
1274421
1276276
1279098
1281319
1284742
1288925
1294292
1296504
1298231
1298814
1298910
1303060
1303060
1307228
1310323
1313802
1314751
1315858
1319963
1320196
1322442
1322442
1322442
1326649
1328617
1330166
1333382
1334841
1338644
1343465
1344224
1344224
1348928
1355722
1355722
1360165
1364836
1364859
1368529
1372592
1377200
1380781
1388021
1397231
1399383
1407522
1411998
1411998
1414873
1416047
1420976
1424981
1427066
1427350
1428097
1432235
1435143
1439435
1442203
1442203
1446594
1451319
1455090
1455159
1457728
1457728
1457744
1462350
1463925
1466408
1466408
1470628
1470844
1470901
1471063
1471842
1475443
1484342
1489128
1490525
1495228
1499267
1502196
1502324
1502324
1504807
1508604
1512911
1514938
1518456
1523180
1524380
1526050
1530151
1532197
1532197
1532197
1534014
1536885
1537230
1537369
1540677
1544622
1548048
1550840
1555313
1557098
1559391
1562202
1564990
1568451
1570928
1575493
1577827
1582519
1582619
1582703
1587666
1591217
1591471
1592908
1597424
1600465
1603084
1604273
1605410
1605814
1609380
1610366
1610899
1614859
1615625
1619692
1622101
1622396
1626323
1627915
1629287
1631851
1636768
1640377
1643123
1643593
1646772
1649385
1652508
1657503
1660062
1660062
1660456
1662641
1663147
1666226
1669517
1672709
1672709
1674059
1677637
1679323
1679537
1683242
1683242
1684346
1686274
1689766
1690161
1690331
1692075
1696887
1699705
1699705
1700350
1700350
1700883
1702122
1702929
1703587
1710076
1711201
1713364
1713945
1718775
1722607
1725871
1729907
1733442
1734663
1738623
1739258
1743041
1743041
1747216
1749375
1752186
1752204
1755748
1756317
1760269
1762608
1766878
1769939
1772296
1776912
1778699
1781404
1784213
1786121
1787254
1787290
1790613
1792337
1796165
1796437
1796437
1799777
1803757
1804920
1806647
1810708
1814894
1815638
1820126
1824631
1829441
1833392
1834449
1836829
1838777
1840188
1841619
1841619
1842559
1845059
1846553
1851309
1854099
1856132
1858168
1858920
1862348
1864444
1867415
1868674
1870664
1873273
1876055
1876055
1880073
1884809
1885876
1886532
1889133
1889759
1893559
1896870
1898049
1899106
1899583
1903134
1906144
1907455
1908661
1913659
1918603
1920499
1924699
1929530
1931822
1936428
1938485
1939228
1941919
1942859
1942859
1946588
1948061
1951047
1953475
1956747
1964375
1966310
1967144
1967640
1972329
1973808
1974788
1974788
1976981
1978088
1981514
1981514
1983634
1987927
1988840
1988840
1991537
1994998
1995972
1999153
2001003
2001462
2004245
2006077
2008376
2008376
2011485
2011663
2013973
2018589
2022644
2026626
2028282
2031144
2033690
2037228
2038029
2041694
2045764
2049047
2049773
2050832
2054056
2058684
2060060
2061266
2061266
2062694
2066516
2067064
2067300
2070953
2072054
2072594
2076831
2076831
2077145
2078327
2082942
2083743
2086546
2089784
2092719
2093957
2098290
2099711
2101345
2101805
2102798
2105865
2109924
2114275
2119167
2124361
2124361
2125998
2128105
2131980
2133628
2134589
2135594
2138406
2142092
2143155
2145200
2146562
2149315
2149315
2152756
2157100
2157520
2158032
2161185
2163629
2167831
2169446
2169446
2170069
2176682
2177240
2177240
2181877
2183027
2183496
2184858
2187549
2188935
2190161
2190358
2192994
2194400
2195635
2196973
2197301
2199476
2199476
2202493
2202493
2205030
2205316
2208626
2208677
2213490
2215941
2217599
2218442
2218724
2221699
2223361
2223612
2225786
2230287
2232336
2232336
2232643
2235624
2238004
2238004
2241023
2242835
2243017
2246882
2250724
2252415
2253348
2256701
2259192
2261864
2267596
2269736
2273864
2275672
2277242
2279684
2283639
2285550
2289462
2292164
2294913
2296204
2301875
2303693
2303693
2307284
2308579
2318245
2320330
2320609
2323767
2327365
2329963
2329963
2331993
2333859
2337390
2337392
2340259
2341105
2343728
2345662
2347928
2350192
2354471
2359160
2359969
2360629
2360636
2364447
2366437
2368973
2370064
2371580
2373357
2375589
2375790
2376490
2379088
2379779
2381805
2383614
2384863
2386966
2388516
2388581
2388581
2390875
2392907
2394140
2398525
2400110
2404750
2407251
2407881
2412553
2413433
2416118
2420430
2420758
2425656
2426753
2428678
2432702
2433870
2437383
2440103
2442989
2443775
2448289
2450083
2451565
2455020
2457979
2462667
2466597
2467587
2470205
2472163
2476336
2478509
2479856
2481617
2483501
2486062
2491113
2491495
2493342
2495852
2497055
2497882
2501949
2504827
2506822
2508393
2512184
2513204
2513210
2514242
2517305
2522069
2525550
2526287
2526287
2527337
2530143
2531945
2532610
2533885
2537161
2539815
2542975
2544032
2547913
2548672
2550959
2550959
2554618
2555958
2556796
2558669
2563597
2568369
2569966
2571102
2571180
2575427
2577324
2580634
2585019
2589073
2589073
2593071
2593071
2596733
2597052
2601743
2605554
2608660
2610670
2611100
2615211
2618673
2618799
2621243
2623670
2628067
2630046
2631736
2633898
2636372
2639616
2642200
2647482
2648139
2650356
2653043
2653147
2654958
2654958
2655015
2655806
2657454
2658740
2663530
2667746
2670406
2674277
2677683
2677683
2678215
2683070
2687158
2687158
2689429
2690207
2690573
2690573
2693720
2694117
2698906
2702486
2704444
2704823
2706700
2707914
2709119
2709334
2714245
2718089
2721700
2726621
2729350
2733621
2737539
2737539
2739364
2743154
2744268
2745909
2748491
2751031
2755318
2757058
2759849
2762762
2763590
2765225
2768276
2769912
2770729
2770884
2771029
2773193
2776088
2777833
2779210
2779210
2782329
2784371
2786544
2788626
2789425
2790939
2794067
2798392
2800345
2801904
2803964
2805877
2807157
2808176
2811676
2815077
2815917
2819017
2822845
2822845
2823640
2824119
2827304
2829018
2833421
2835422
2838715
2840623
2844726
2845265
2846227
2846287
2850123
2854754
2858795
2862797
2865238
2866808
2866808
2868551
2870055
2872873
2873292
2873453
2877769
2878353
2881383
2885130
2890298
2893321
2894894
2895661
2898413
2898999
2901487
2905435
2906371
2909941
2912997
2916640
2916640
2922794
2926444
2926960
2929991
2930999
2934550
2934550
2939386
2942768
2944943
2952471
2952761
2953016
2954814
2955137
2957247
2959184
2963039
2966856
2968763
2972678
2972678
2976337
2978807
2981577
2985433
2987675
2996986
3003581
3007834
3012303
3015841
3019259
3024129
3025182
3025845
3025978
3028003
3028003
3028003
3028003
3028160
3031523
3034160
3038686
3038953
3039244
3044312
3049206
3049206
3051910
3052872
3062591
3065126
3065792
3067147
3068352
3068352
3071480
3071809
3072893
3077850
3080043
3082998
3083403
3088361
3089946
3093684
3093684
3097722
3102189
3103788
3107583
3108766
3113162
3114738
3115685
3115749
3119348
3122270
3122765
3127615
3128092
3129489
3131613
3135659
3137548
3139865
3141680
3144373
3145848
3150151
3153935
3154855
3157746
3160183
3160580
3164669
3166566
3167204
3167742
3170440
3174844
3179945
3184662
3185482
3186349
3190544
3196952
3198969
3203874
3205806
3208958
3210422
3210869
3212980
3214446
3217220
3221551
3222139
3222863
3223846
3224476
3224476
3228384
3234302
3237595
3237964
3242075
3245729
3250556
3252598
3255437
3257545
3257682
3260222
3260906
3260906
3261423
3261737
3266560
3268236
3272735
3275822
3277830
3277830
3282660
3283590
3283590
3286273
3288602
3291683
3294986
3298701
3299509
3299509
3301736
3303687
3308671
3310813
3311006
3311094
3312999
3317079
3317360
3319371
3323900
3324804
3328314
3328927
3330581
3331642
3331873
3335034
3336447
3336672
3338386
3338512
3338885
3341003
3344464
3349051
3353660
3357172
3359877
3360797
3363975
3368274
3370831
3373112
3374134
3377458
3379490
3381005
3386434
3386434
3386550
3390915
3393781
3395031
3395187
3395677
3398883
3402946
3407876
3410359
3414630
3416243
3417827
3418657
3420194
3424572
3424884
3429455
3431224
3436073
3437300
3438399
3438399
3438999
3443417
3445177
3446466
3449286
3450798
3450861
3450938
3454553
3456085
3457380
3459531
3460792
3460808
3461469
3462486
3466894
3468541
3469530
3470810
3473696
3474403
3478289
3481661
3486267
3492428
3501112
3505143
3507314
3510324
3514860
3516384
3520308
3522529
3526216
3530172
3530570
3531010
3531775
3534672
3534962
3534962
3535648
3539830
3543006
3545453
3550295
3552793
3557703
3558683
3559064
3560598
3562828
3564923
3565544
3567574
3572198
3575537
3579991
3583218
3583467
3584923
3586057
3588218
3592929
3594173
3598108
3598252
3602089
3603341
3606341
3607296
3610110
3613368
3615559
3619409
3622507
3622507
3623359
3624738
3625247
3628632
3631776
3632085
3634491
3638529
3643488
3644085
3648720
3650745
3650745
3655210
3655210
3655375
3656916
3658840
3663727
3667616
3671713
3671713
3672800
3674140
3676847
3683323
3684829
3686247
3686793
3688741
3690444
3692051
3696740
3700369
3704296
3705712
3712319
3712659
3714811
3718579
3721692
3722998
3723676
3727224
3729305
3729473
3732958
3736901
3740908
3745585
3750454
3751247
3754517
3754588
3756387
3757894
3761963
3766669
3770036
3772244
3774336
3778702
3785404
3788714
3790436
3791416
3791785
3791873
3793473
3796568
3797829
3801238
3802367
3805135
3805968
3811996
3813575
3815118
3815358
3816981
3820304
3820857
3823425
3825184
3826435
3827140
3827140
3830190
3834438
3836924
3837509
3839034
3842375
3845017
3848515
3848515
3853296
3853296
3853855
3858325
3859499
3859693
3860532
3863650
3867851
3870814
3874977
3879535
3880023
3884311
3885091
3887355
3890816
3891660
3896219
3902662
3904006
3905789
3909877
3914162
3917968
3922774
3925354
3925354
3926269
3931403
3938579
3942640
3944573
3947062
3951706
3952313
3956461
3958884
3961597
3966111
3967223
3970121
3975033
3975033
3976928
3979864
3981185
3984989
3985652
3989756
3991328
3994701
3996116
4000724
4005342
4006668
4010384
4012584
4016916
4016916
4018135
4021152
4024510
4024805
4028548
4032225
4034925
4036562
4040983
4042816
4042956
4042956
4047353
4048801
4054544
4055132
4056235
4061011
4062955
4067087
4071983
4075935
4076234
4079488
4081465
4086323
4089802
4090996
4095737
4096187
4098709
4098970
4101866
4106564
4110877
4115238
4116677
4117209
4122545
4124514
4127988
4131617
4131921
4134157
4141214
4143422
4145752
4149283
4151726
4151726
4156935
4157811
4161476
4161586
4165731
4166267
4169931
4173169
4175762
4177677
4179392
4183227
4183616
4186353
4189071
4192985
4194091
4198994
4198994
4203388
4206874
4211684
4216533
4220095
4224912
4224912
4225222
4226556
4229552
4229810
4229810
4234108
4234108
4234613
4239345
4240849
4245521
4250010
4250776
4255134
4259005
4262264
4267146
4271118
4275281
4281238
4281238
4284005
4286083
4290278
4291845
4295259
4296705
4300731
4301890
4304179
4308031
4310011
4312591
4316438
4316438
4319321
4319551
4321000
4322981
4324205
4324565
4327946
4331429
4337207
4341905
4346623
4347893
4349148
4353422
4353422
4354696
4356447
4362586
4364747
4369462
4369794
4370980
4373010
4376172
4378529
4382412
4382534
4387343
4389997
4391286
4391293
4391928
4401307
4405167
4410367
4411265
4412313
4413889
4418559
4420686
4423056
4424114
4425627
4427764
4427764
4429884
4434312
4437332
4438173
4440179
4442262
4444641
4448354
4450756
4451162
4452528
4455845
4458115
4460994
4464828
4467748
4469834
4471307
4472517
4472705
4476483
4477860
4481300
4482594
4483711
4487281
4487984
4491839
4494851
4499133
4502879
4502879
4503535
4504179
4508589
4508589
4510305
4510305
4512464
4515858
4517702
4519483
4522261
4524404
4525021
4527133
4530523
4531777
4532595
4534040
4534698
4537695
4538658
4542840
4546719
4547722
4552362
4555405
4555799
4559035
4561729
4564929
4565718
4568425
4568916
4571193
4573347
4575586
4579066
4582616
4584514
4588515
4588840
4593692
4593882
4594351
4598509
4600898
4609073
4610952
4613659
4616107
4618499
4620278
4623088
4626609
4626694
4628293
4629531
4629531
4633986
4635357
4638673
4639964
4639964
4639964
4642244
4642471
4643753
4648527
4650380
4650970
4652194
4655898
4656714
4659762
4663602
4668159
4669206
4673020
4674350
4675643
4680473
4682857
4685428
4689902
4694648
4698264
4700466
4700850
4702486
4706385
4707132
4710315
4714912
4719363
4723181
4726592
4731155
4731760
4736173
4738621
4743486
4747492
4750192
4754064
4757216
4759702
4762190
4766143
4767931
4769913
4770511
4771382
4773854
4777216
4777800
4781366
4788147
4791218
4797626
4800665
4804738
4804738
4808749
4812376
4813882
4814602
4816052
4820975
4825230
4828858
4829394
4830262
4832258
4833924
4838752
4842119
4842921
4843245
4844654
4845566
4848802
4849941
4852178
4854166
4854975
4855753
4857901
4859083
4862579
4867424
4870662
4870937
4875605
4877831
4880885
4881265
4883647
4884980
4886584
4889252
4890015
4892182
4895889
4900658
4904379
4909111
4911825
4912939
4919167
4923447
4924458
4927021
4931541
4932354
4935504
4936712
4939293
4942002
4943078
4944637
4949328
4953878
4954719
4957159
4959286
4960364
4964722
4967156
4970403
4974055
4977946
4979263
4983371
4986169
4988506
4992634
4995713
5000621
5001992
5002701
5002701
5006449
5010352
5010352
5011401
5012932
5014830
5016969
5018611
5019797
5022944
5025015
5029111
5029265
5033440
5035197
5039121
5043873
5047717
5049013
5051166
5052010
5053896
5055523
5057548
5061852
5062198
5062880
5067352
5069571
5074194
5075465
5077503
5082486
5082486
5086701
5090587
5091651
5095195
5100096
5103402
5107786
5111424
5111424
5112516
5116417
5119350
5124043
5125644
5125644
5127386
5127630
5131256
5132827
5137166
5137672
5143030
5145267
5145530
5146000
5149317
5151289
5151523
5151624
5152028
5160348
5163247
5164183
5164437
5164437
5164437
5166880
5170366
5171427
5173870
5174160
5178893
5179692
5183230
5183247
5188075
5191477
5193187
5197779
5200937
5201895
5203949
5207952
5211050
5215229
5215229
5216885
5220287
5222552
5226836
5230464
5236611
5239620
5243700
5245802
5247627
5250494
5250811
5255344
5260009
5263101
5264436
5267498
5268617
5273341
5275826
5279953
5282720
5286529
5289108
5291257
5295965
5295985
5297643
5302432
5306076
5307555
5308067
5310277
5313041
5313041
5315934
5316568
5319631
5322062
5326960
5327073
5327540
5328701
5330174
5331835
5335048
5338428
5342936
5347894
5348697
5348697
5350026
5351790
5355097
5355599
5355929
5358340
5359757
5360054
5360054
5360054
5362571
5365182
5366923
5369314
5370616
5374592
5376571
5379564
5381519
5385747
5388170
5389882
5391013
5393823
5395652
5399836
5399836
5403765
5405874
5408951
5411269
5411515
5418277
5422630
5423664
5425169
5428372
5428799
5431059
5434458
5438274
5441817
5443372
5445131
5449700
5452010
5454223
5457744
5461729
5465755
5469639
5473177
5475019
5478822
5479702
5480485
5484072
5485974
5488546
5488546
5491165
5496096
5496878
5496878
5501517
5505744
5510637
5519308
5520809
5524509
5528261
5528261
5533067
5537436
5539727
5541987
5542574
5544045
5546018
5550788
5551570
5556541
5557810
5557826
5559656
5563166
5564041
5568903
5569876
5571795
5572328
5574937
5578293
5582864
5587212
5589114
5591105
5593507
5594922
5598107
5599623
5601298
5601298
5605096
5609800
5614613
5618680
5621201
5625596
5627472
5630690
5632147
5633698
5635033
5637551
5640638
5642274
5643886
5644130
5647375
5649451
5652193
5656325
5656325
5656751
5658084
5660700
5661057
5661057
5665163
5665315
5669356
5669957
5674193
5674875
5678036
5678078
5678300
5683376
5685622
5686980
5687337
5687943
5690833
5692373
5692849
5697260
5697260
5700865
5701940
5701940
5702866
5706591
5709374
5712611
5720203
5723787
5726387
5730200
5731983
5734465
5740100
5743107
5743319
5743459
5745411
5747706
5749530
5749530
5754415
5755527
5759826
5759826
5761597
5761597
5761597
5761642
5763565
5764812
5764881
5769047
5771707
5776324
5780759
5785162
5788588
5788820
5790262
5793114
5796455
5796576
5799187
5799493
5799498
5808053
5810792
5815071
5819846
5821491
5823441
5827484
5830259
5833924
5837615
5839725
5843792
5845933
5850551
5851814
5851814
5855332
5857489
5861991
5862012
5862012
5864936
5869101
5872784
5873766
5873789
5874235
5874921
5878590
5883175
5887539
5890381
5893306
5895182
5895182
5896652
5896652
5896856
5898620
5902895
5903832
5908504
5912799
5913381
5918093
5922912
5925978
5929174
5930632
5930632
5930960
5932403
5935478
5939225
5940218
5944456
5948160
5951035
5955084
5956224
5957228
5961613
5964257
5970821
5973931
5973931
5977299
5977810
5981344
5983255
5987213
5987308
5996615
6000895
6000895
6002201
6005635
6009671
6012435
6016006
6019563
6021573
6025245
6025247
6027258
6029121
6031327
6032028
6032916
6035314
6035468
6036395
6041115
6043581
6048117
6053298
6053895
6058317
6058317
6062634
6067837
6068111
6070170
6074176
6074404
6075866
6076605
6081090
6083204
6085337
6085642
6087360
6091413
6093656
6096947
6099714
6100295
6102158
6102668
6106682
6114754
6117009
6117009
6120686
6124209
6126324
6129960
6133912
6134427
6134427
6134966
6138704
6140050
6145612
6145612
6145619
6148984
6150138
6154564
6158182
6159478
6161607
6163288
6163906
6168384
6171358
6174901
6176650
6179575
6182260
6189308
6190880
6192176
6193098
6193347
6196892
6197668
6200622
6203456
6205857
6210570
6215356
6215356
6218261
6218359
6219094
6220171
6223395
6225281
6228250
6232601
6237263
6238797
6240220
6243990
6246641
6248694
6250974
6252973
6254084
6257626
6260983
6264487
6265900
6268173
6272188
6273887
6274632
6279159
6283473
6287897
6290426
6291203
6297718
6302335
6303621
6306899
6311873
6313484
6317699
6319427
6324255
6327732
6330524
6334253
6335354
6340127
6341043
6343273
6344980
6349030
6351540
6351540
6353501
6358210
6362217
6365574
6365574
6366011
6368940
6369362
6373756
6377579
6377579
6377579
6381676
6386064
6389457
6392491
6394780
6395644
6396582
6398986
6403131
6404279
6407826
6409891
6413880
6416197
6417042
6421862
6426109
6429326
6430080
6430080
6435041
6436484
6444184
6444614
6449200
6451669
6452321
6454042
6454042
6461184
6464607
6469407
6473028
6473998
6474877
6476903
6478395
6478730
6479846
6480420
6483044
6483406
6486939
6487881
6491383
6493107
6495282
6498310
6498653
6500935
6502693
6505065
6507129
6507631
6508715
6513661
6516070
6516070
6516098
6516546
6517399
6519649
6521819
6523499
6523728
6527546
6527546
6528926
6530360
6531081
6532916
6534355
6538218
6539054
6542153
6544685
6545406
6549542
6554146
6555009
6558952
6559235
6563825
6565785
6566583
6568865
6573147
6578100
6581031
6583114
6587308
6589766
6592972
6593483
6594523
6598669
6602590
6607414
6607803
6607803
6611626
6613524
6616260
6616260
6618263
6618263
6623135
6626171
6628813
6633674
6634522
6634591
6640752
6642557
6642560
6643285
6643299
6645269
6645269
6649213
6649848
6649899
6652637
6656621
6660062
6662861
6665548
6665548
6670045
6672316
6674539
6674539
6678557
6680010
6682119
6682119
6682818
6683313
6688207
6691765
6694839
6698811
6703060
6703858
6704233
6704345
6704578
6705860
6707916
6711096
6712937
6717512
6720209
6725140
6730092
6731165
6734174
6739155
6740853
6741996
6742678
6744661
6749297
6750006
6753551
6755028
6758718
6761535
6762446
6766152
6771027
6773837
6775212
6776323
6778546
6787196
6790107
6791255
6791653
6792591
6797247
6798812
6803708
6808674
6808712
6813312
6813312
6816160
6818369
6820213
6821797
6825371
6825462
6830070
6831789
6834117
6840404
6844439
6845030
6849783
6850004
6851304
6853286
6855891
6856193
6857830
6861981
6865950
6870526
6870526
6873674
6876281
6877941
6881603
6883794
6886149
6887478
6890158
6890783
6893674
6896025
6899103
6899103
6899348
6900793
6901739
6903714
6906749
6910618
6911876
6911982
6912527
6912527
6913874
6917468
6917650
6921446
6922628
6926040
6926085
6927556
6931484
6935031
6935877
6937431
6941225
6942722
6947141
6948196
6952782
6954528
6957208
6958225
6962666
6963418
6966744
6966744
6967142
6967448
6969976
6972206
6974461
6974933
6979067
6980180
6980180
6982969
6987416
6992405
6996581
6999075
7000400
7003129
7007281
7009289
7010667
7013563
7015755
7018296
7022023
7023277
7027443
7032083
7035918
7040166
7042604
7043212
7046104
7050532
7052496
7053530
7057670
7061517
7064666
7068285
7071966
7074949
7078918
7082492
7082773
7087119
7087363
7091062
7092755
7095896
7100565
7100565
7104166
7104500
7105982
7106092
7109297
7113803
7116840
7118643
7123140
7125921
7129323
7131496
7135675
7138366
7141008
7145946
7147573
7152395
7156718
7157726
7157726
7162238
7163579
7165373
7165410
7170102
7174415
7175001
7175415
7179944
7184557
7184951
7186506
7186722
7191241
7195450
7197642
7197790
7202695
7205119
7208008
7212352
7215027
7219851
7222402
7223927
7229282
7229353
7231709
7234407
7234407
7237349
7237947
7240755
7241662
7246463
7248811
7250253
7254918
7256962
7257048
7262710
7265439
7269664
7272892
7274822
7275274
7276758
7278599
7283237
7286034
7289579
7294294
7297681
7300479
7301385
7304771
7305895
7308440
7308779
7310187
7310187
7312767
7315113
7319465
7321902
7326185
7329030
7329035
7329035
7333733
7336494
7339725
7344706
7345999
7349504
7355832
7361309
7362687
7363133
7363324
7363698
7365326
7368374
7370238
7372025
7373356
7378070
7380802
7384360
7387337
7390907
7393009
7394035
7394744
7397749
7398461
7401080
7401220
7403862
7404027
7411772
7412506
7413016
7414016
7418274
7423941
7426327
7430290
7433539
7433572
7437851
7439874
7439874
7440768
7444587
7448182
7449441
7451334
7451334
7455170
7458662
7461419
7465788
7468943
7472433
7472918
7476549
7478113
7481921
7486725
7489262
7493968
7496017
7498609
7500490
7503233
7505629
7507436
7511575
7512085
7516026
7518979
7519845
7520625
7520625
7523266
7526430
7529519
7532367
7533919
7534981
7537420
7538388
7539845
7542431
7546147
7550073
7551865
7553668
7555766
7559937
7560279
7561955
7566735
7571606
7572372
7572891
7573716
7576739
7579582
7583449
7583449
7585082
7587119
7591718
7593347
7593347
7593347
7593645
7597944
7598829
7600427
7603014
7603209
7605479
7609062
7611916
7612486
7614312
7616499
7618969
7623316
7625300
7628217
7628851
7633469
7635759
7636207
7636562
7639750
7643213
7643213
7645885
7645928
7648890
7652161
7652966
7656699
7656925
7661525
7664301
7668635
7668676
7673076
7677848
7682275
7686153
7686153
7686165
7688808
7692286
7694594
7695766
7695975
7696788
7697103
7701467
7702825
7703970
7708649
7712500
7712557
7714983
7714983
7715128
7719596
7719787
7719787
7724287
7728453
7733272
7735820
7739973
7743588
7743637
7747831
7749775
7754328
7761940
7762184
7764917
7765630
7769386
7769869
7773544
7778260
7778429
7782759
7787865
7790741
7792992
7795978
7798184
7802602
7807577
7811869
7814013
7817509
7819971
7821112
7828154
7829756
7832126
7838974
7841913
7843480
7844824
7848347
7851359
7854220
7854594
7859290
7862792
7865051
7868200
7870693
7871617
7874503
7875751
7879022
7882700
7886031
7886194
7886236
7887510
7887510
7890117
7892818
7893329
7896928
7896965
7901733
7902480
7906564
7911219
7915060
7915924
7917061
7918869
7921696
7923920
7927412
7931894
7936527
7939678
7941205
7941205
7942449
7942565
7943557
7944900
7944900
7947874
7949947
7952453
7955685
7959252
7959795
7966248
7968479
7971782
7981929
7983782
7987538
7991685
7996360
8000798
8005021
8005703
8006856
8007282
8008516
8011215
8014933
8016809
8017500
8022281
8022281
8022662
8026142
8030872
8035317
8035317
8039149
8043466
8044232
8048946
8050056
8053810
8056394
8060692
8061927
8062156
8062350
8062350
8063328
8063328
8065577
8069138
8071687
8075449
8076235
8080480
8081864
8083309
8087910
8087910
8091289
8092892
8095628
8098171
8098954
8099881
8102010
8104478
8109387
8109446
8112889
8117203
8118029
8120677
8127808
8128225
8131562
8132931
8137787
8142388
8144123
8146205
8149655
8152428
8160764
8161469
8164961
8166288
8170499
8172104
8176290
8178061
8181997
8182956
8183599
8186808
8190005
8190027
8193099
8195422
8200381
8201950
8205019
8208211
8210558
8215129
8218949
8219397
8223485
8227523
8227523
8228933
8228984
8235779
8240324
8242369
8245349
8247107
8247342
8249882
8252801
8256331
8256694
8258175
8262663
8264459
8266017
8269206
8270971
8275565
8277741
8281263
8288107
8292926
8293672
8295402
8296781
8299585
8300635
8304848
8309081
8313182
8317298
8318440
8322948
8323977
8325061
8329736
8331375
8335416
8339326
8343359
8343359
8343957
8346628
8349914
8351992
8355363
8356627
8357111
8359759
8359759
8361551
8364147
8368560
8370030
8370643
8371422
8376394
8378592
8382205
8382843
8385935
8389892
8389892
8391597
8391597
8394311
8396620
8399247
8399351
8400058
8400628
8402974
8404312
8406313
8406747
8411368
8416360
8419713
8420129
8420129
8421492
8425612
8430572
8430572
8430658
8434100
8435847
8439717
8443769
8445900
8450176
8452866
8456159
8458172
8464297
8465781
8469549
8473217
8475553
8476226
8480144
8480939
8488012
8488733
8496397
8497075
8502003
8503888
8506689
8510387
8511251
8518134
8522395
8525126
8525909
8531361
8531389
8531923
8536529
8537717
8539763
8543880
8548258
8552682
8555741
8557475
8558679
8562962
8567512
8570146
8572306
8572410
8576932
8579243
8583357
8590275
8590938
8591224
8597843
8601780
8602812
8606874
8608042
8609886
8611739
8611999
8614490
8616683
8619556
8622203
8627050
8627483
8632333
8632871
8636284
8638523
8640816
8643626
8643626
8644460
8647427
8648235
8650726
8654696
8657430
8660518
8667461
8670201
8671669
8675907
8678896
8680832
8682113
8683460
8687076
8689150
8693220
8697570
8700681
8702326
8705700
8707029
8710413
8710557
8710879
8713692
8718680
8723425
8724777
8728466
8729434
8731498
8733312
8735482
8738078
8739737
8741256
8745199
8745647
8747459
8750067
8750491
8755233
8755603
8757302
8759878
8760614
8765098
8769615
8774358
8777943
8781513
8785062
8793422
8795630
8797554
8798648
8800369
8803990
8805857
8806664
8809976
8814089
8817212
8821440
8822729
8825739
8826710
8831277
8831277
8833529
8835982
8840571
8842061
8845795
8847996
8847996
8851030
8851131
8855980
8859533
8863724
8868127
8871018
8875411
8878226
8878510
8880719
8885163
8889374
8889742
8889887
8894002
8894618
8895701
8898401
8900955
8901092
8905799
8910595
8910713
8911212
8911341
8911658
8913678
8914879
8919147
8919489
8922637
8925993
8926763
8928848
8930638
8934719
8935945
8937779
8938434
8938887
8939732
8945648
8949357
8951130
8953080
8955283
8955286
8955484
8957167
8963544
8965169
8965169
8967652
8968243
8972632
8973381
8977868
8979312
8983404
8985247
8985557
8987337
8991556
8994003
8998249
9002526
9004942
9007699
9011564
9016176
9019632
9020867
9023435
9023435
9026018
9030347
9031277
9031288
9031746
9036593
9038746
9038812
9040518
9048454
9052570
9057026
9060216
9061843
9061843
9061843
9062644
9066205
9066883
9066883
9068394
9068805
9072362
9077257
9081347
9084245
9084854
9084854
9089142
9094082
9098999
9099182
9102375
9102944
9103108
9104051
9105155
9106538
9106538
9108027
9112629
9115105
9115566
9119962
9124902
9124902
9124902
9128966
9131461
9133597
9137518
9137644
9139261
9143116
9147182
9148805
9148805
9152989
9157224
9162133
9162482
9164003
9167970
9167970
9169557
9172231
9176773
9179646
9181471
9183842
9186034
9189957
9192014
9195155
9195155
9197219
9197219
9200941
9204120
9207238
9212181
9213517
9214379
9215083
9216481
9220527
9224881
9226544
9229164
9235338
9235338
9235555
9236192
9236973
9238396
9240103
9241828
9245860
9248353
9248393
9251770
9254286
9254842
9258007
9259183
9261050
9264103
9267368
9271023
9273736
9276674
9278351
9280964
9283512
9284042
9285066
9285339
9285339
9289977
9290267
9293954
9296931
9298369
9300878
9303169
9304829
9305529
9305529
9306757
9307488
9308593
9313125
9313294
9313714
9315156
9315273
9315313
9317822
9317822
9321258
9323957
9326797
9330525
9334742
9338215
9338215
9339277
9339277
9341995
9342893
9346852
9349782
9353886
9356720
9357718
9359751
9363893
9364214
9364963
9366259
9368836
9370564
9371515
9371858
9372939
9374018
9376298
9376298
9379903
9380961
9385903
9388205
9389545
9392885
9392944
9396864
9396918
9398657
9402372
9406351
9411014
9413269
9416465
9421451
9425080
9429004
9429966
9430956
9432314
9434886
9434999
9438062
9438599
9443570
9444181
9448270
9448270
9453126
9453962
9456043
9457302
9466509
9470620
9475328
9477681
9480907
9484687
9486565
9487704
9491048
9492407
9492990
9494743
9495717
9500165
9503107
9503107
9508112
9509046
9511233
9513630
9517882
9519559
9522622
9526730
9528709
9531415
9533844
9535694
9538144
9539241
9543320
9546651
9548747
9549709
9551265
9555062
9562548
9566498
9571277
9575656
9578813
9580517
9581462
9584109
9586380
9591162
9591775
9595437
9595437
9596737
9596887
9600223
9602267
9606734
9609014
9610823
9610823
9614821
9619328
9619626
9621437
9625470
9627618
9633819
9633819
9633819
9634320
9637909
9641461
9642719
9647122
9652001
9655902
9660614
9665211
9666661
9666871
9670010
9672800
9673975
9676936
9679939
9684685
9688354
9692222
9693948
9693971
9696483
9700639
9703918
9707729
9708680
9712224
9713896
9715479
9718620
9718620
9722693
9723406
9724691
9725893
9725893
9730472
9735145
9739368
9741570
9741808
9743340
9747188
9748523
9753009
9755470
9758612
9758735
9758735
9760943
9763373
9764157
9768301
9768740
9770402
9770598
9770598
9771217
9775510
9777449
9781878
9786876
9787417
9787930
9792197
9792395
9792772
9793661
9801044
9802699
9807801
9808472
9811610
9811884
9815463
9816585
9816607
9818942
9822262
9825184
9827867
9832777
9835233
9835805
9839243
9843779
9844288
9844288
9847972
9850241
9851959
9853682
9855906
9855906
9855906
9857587
9865020
9865370
9865491
9869836
9873684
9875439
9877315
9880041
9882676
9884163
9884746
9888853
9892403
9897128
9900936
9905912
9910243
9911145
9915811
9919140
9920663
9922599
9922599
9923314
9923846
9926912
9927195
9927195
9927741
9931692
9933802
9935375
9935931
9937296
9942115
9943034
9946411
9949934
9949934
9953545
9957905
9961211
9961211
9961712
9962684
9963820
9965034
9968105
9969939
9973290
9973290
9974864
9978489
9978672
9978672
9980510
9980763
9981517
9981805
9985787
9986871
9988263
9988263
9991138
9992311
9992311
9994694
9999474
10004296
10007094
10007487
10009350
10012254
10012590
10016395
10020343
10021688
10024969
10024969
10025851
10029855
10033570
10037361
10039206
10044020
10048364
10048914
10049227
10049227
10052735
10057689
10060420
10064771
10068602
10069959
10074825
10076408
10080981
10084913
10087164
10087707
10092052
10096522
10099578
10100274
10101795
10105338
10105553
10110075
10110179
10112327
10114019
10117627
10124570
10128452
10128452
10130795
10132500
10137293
10138928
10139850
10144288
10148521
10149602
10153375
10154492
10158851
10161758
10168615
10168615
10172402
10174849
10177432
10181110
10183184
10183910
10184576
10188007
10192657
10195866
10197573
10198389
10200921
10204076
10207956
10212306
10214123
10216170
10218760
10221270
10222415
10226770
10226936
10226936
10227532
10229915
10233655
10237429
10240593
10244594
10244615
10245804
10248988
10252124
10254701
10259193
10261546
10262604
10266592
10267142
10267142
10271323
10271864
10272035
10272035
10276532
10281125
10285566
10287375
10292291
10296170
10296261
10296261
10299953
10303592
10307528
10307613
10309404
10314258
10317452
10322047
10323783
10325784
10327132
10327132
10327558
10329304
10333074
10333898
10334468
10334665
10334922
10335812
10338535
10342348
10345152
10348441
10352008
10352008
10355201
10358628
10360544
10364071
10365196
10370024
10370271
10372384
10376169
10378971
10380497
10385200
10389315
10393686
10393686
10397151
10401354
10402221
10406183
10408375
10411705
10416463
10421281
10423306
10428289
10430206
10432722
10435130
10436580
10436580
10438802
10439253
10442579
10445699
10448862
10452484
10453825
10454677
10459447
10462893
10467231
10469981
10469981
10474355
10475803
10476871
10480122
10480122
10480122
10484797
10485066
10489167
10490605
10493348
10496396
10498051
10500153
10505728
10509879
10513615
10515702
10518887
10523244
10528219
10532621
10535672
10536783
10539322
10539322
10539691
10542654
10543134
10543576
10548289
10553033
10555221
10557782
10557782
10562007
10566673
10569906
10572898
10573380
10575097
10576348
10577584
10580115
10583226
10588031
10592294
10593481
10594943
10595395
10598720
10602240
10604997
10608259
10612540
10615460
10616325
10621321
10623465
10629062
10633002
10636981
10637444
10639372
10643830
10646577
10653685
10654460
10656188
10657023
10661290
10662660
10662660
10663479
10665666
10666626
10670289
10673798
10673971
10675134
10676403
10679289
10679289
10679393
10681078
10685755
10690085
10694282
10697593
10700459
10703278
10705422
10710109
10713852
10718194
10719725
10723325
10726025
10728684
10733304
10733311
10737148
10741652
10742064
10744900
10746462
10749221
10752080
10752677
10752853
10753729
10758111
10758111
10760946
10761164
10765027
10766580
10768620
10772152
10775628
10777562
10782163
10783355
10786132
10789451
10792556
10797752
10803551
10806572
10806705
10808082
10808995
10812176
10814729
10817651
10819883
10821253
10823541
10827995
10828909
10833222
10833325
10833325
10837482
10838435
10839528
10844496
10844681
10846422
10849063
10849789
10856954
10859753
10863140
10864647
10865668
10866102
10866550
10870076
10874448
10877585
10879414
10883121
10885963
10889361
10891334
10896324
10896768
10898919
10903381
10907159
10911513
10911513
10911513
10914829
10916780
10917103
10918426
10919716
10923047
10927223
10927486
10932045
10936795
10937475
10939944
10942335
10945436
10946800
10949831
10950910
10955688
10957405
10958192
10961496
10961496
10964696
10965231
10965882
10968688
10968836
10970387
10973273
10974947
10979544
10980281
10980321
10984883
10986313
10986705
10986705
10987694
10988455
10991690
10991843
10994935
10996077
11000517
11004772
11005704
11007316
11011503
11012060
11015315
11020504
11022042
11024621
11026786
11029369
11029369
11034339
11036243
11039677
11039775
11039775
11043832
11047319
11047819
11050087
11053874
11060321
11062609
11067536
11071011
11073991
11075138
11079595
11081810
11085706
11090225
11092826
11095275
11095275
11095622
11096247
11097133
11097388
11102313
11103102
11105044
11107050
11107050
11107181
11111549
11114679
11119320
11124255
11125566
11127596
11131501
11136127
11137909
11139964
11139964
11141667
11141986
11150837
11151245
11155503
11157700
11159922
11168356
11168356
11172363
11176037
11176977
11177339
11177804
11182004
11184029
11185178
11189010
11191904
11191984
11196043
11199760
11203710
11206339
11207770
11211358
11211358
11212877
11213067
11216903
11220445
11222702
11222702
11226943
11231798
11236407
11240448
11242526
11243460
11246303
11246303
11251082
11251082
11251843
11254111
11258268
11261752
11262592
11263099
11263623
11266381
11271107
11274726
11276230
11277656
11281996
11283482
11284392
11286407
11288016
11290379
11290872
11295268
11299348
11303304
11303361
11303363
11304502
11305257
11307352
11308990
11310133
11310413
11310541
11315171
11318162
11321544
11321545
11321963
11323161
11327696
11332161
11332910
11333029
11333602
11334455
11337833
11338884
11341146
11345847
11348978
11348978
11349634
11349634
11352541
11361126
11362900
11363886
11367481
11368648
11370772
11372466
11378545
11381549
11381894
11386602
11390864
11394525
11395394
11399868
11402867
11404569
11405209
11408695
11409756
11410696
11416583
11420960
11424160
11426876
11431096
11433008
11433372
11434584
11437043
11440357
11441957
11446380
11448819
11449843
11450101
11454421
11456458
11459746
11459746
11462183
11466095
11471880
11475822
11479444
11481982
11483481
11483626
11484840
11487520
11488228
11493028
11496573
11498321
11500416
11501924
11506482
11507687
11512350
11514225
11518669
11522672
11526332
11529932
11533389
11538177
11540098
11542579
11544570
11549182
11551312
11555791
11558987
11558987
11562548
11566504
11570770
11572562
11576816
11577474
11578277
11579258
11584508
11584978
11585444
11586895
11587938
11590418
11593555
11595001
11599724
11602009
11602009
11604347
11609333
11613442
11617689
11622526
11627058
11630969
11631378
11633178
11637929
11640496
11642498
11645889
11648089
11652893
11654762
11656285
11657320
11659877
11659952
11661973
11665305
11667695
11668167
11671268
11675031
11677604
11679921
11684742
11685767
11685767
11686569
11687967
11688262
11688615
11692525
11694652
11700180
11700903
11709310
11709578
11710318
11710318
11712932
11713387
11716333
11720947
11721895
11723680
11724415
11728615
11729463
11732832
11736227
11738746
11743459
11746591
11753412
11755166
11759110
11763646
11765289
11765314
11766628
11768982
11770538
11772789
11775339
11775607
11781216
11786127
11787722
11792250
11793352
11797008
11799681
11801057
11805861
11808999
11813197
11813264
11815052
11818962
11822892
11824333
11827891
11829289
11830834
11832529
11834769
11836009
11838258
11840280
11841650
11843965
11848965
11853379
11856517
11856517
11857097
11861307
11864436
11866332
11868574
11869319
11872089
11872089
11876765
11876862
11876862
11878515
11882714
11885974
11889245
11893747
11897427
11898610
11903594
11908031
11916427
11920370
11923237
11927332
11929664
11934611
11934625
11934657
11936810
11941192
11942444
11943583
11946448
11946643
11949232
11950467
11953184
11955329
11957412
11960251
11961942
11965357
11970221
11971257
11973978
11976189
11979654
11982560
11986787
11991649
11993131
11995208
11997422
11998904
12002426
12003970
12006088
12010527
12014983
12017580
12020689
12021379
12023297
12023297
12025969
12028782
12029973
12030754
12033287
12034511
12037672
12038370
12039065
12040383
12040662
12045557
12049367
12056487
12057180
12060863
12060863
12061680
12062339
12064051
12064850
12068854
12069399
12069399
12069399
12073258
12073827
12077519
12078308
12080586
12082146
12086425
12090181
12091986
12093970
12094306
12097729
12104220
12108687
12111184
12115271
12116451
12119277
12122098
12124424
12128283
12135724
12138957
12139785
12142787
12146051
12147779
12149999
12152509
12155202
12157593
12160885
12163076
12163160
