Hola100
28
1109
4146
152
199
202
278
377
430
458
487
529
4146
629
712
796
809
885
943
998
1072
3891
1109
561
487
1264
1277
1417
1417
1442
1475
1568
487
1669
1692
1774
1830
1871
1923
1972
2695
1568
2139
2220
2228
2241
2309
2360
4772
2520
2910
2695
2793
2831
561
2910
2974
3006
3043
3057
3141
3224
3234
3235
3274
3370
3417
4146
3446
3535
3570
3632
3648
3748
3761
3235
3846
4362
3971
2309
377
2910
4146
561
4247
4814
4333
4335
4362
4430
4437
4521
2793
4643
4702
4772
4783
4814
2793
4924
